
============================================================
fine_tune_per_subject | exp_LR_4s-b4
  Model 1 | [0.9333333333333332, 0.7972222222222223, 0.7333333333333334, 0.9111111111111111, 1.0, 0.6888888888888889, 0.6888888888888889, 0.888888888888889, 0.9333333333333332, 0.9555555555555555, 0.9777777777777779, 0.6888888888888889, 1.0, 0.6444444444444445, 0.7333333333333332, 0.711111111111111, 0.9333333333333332, 0.9333333333333332, 0.9555555555555555, 0.7999999999999999, 0.7555555555555555] | media 0.8411
  Model 2 | [0.8861111111111111, 1.0, 0.5555555555555555, 0.8222222222222222, 0.7777777777777778, 0.7999999999999999, 0.8333333333333333, 0.9333333333333332, 0.6666666666666666, 1.0, 1.0, 0.9333333333333332, 0.8444444444444443, 1.0, 1.0, 1.0, 0.7333333333333334, 1.0, 1.0, 1.0, 0.6666666666666666] | media 0.8787
  Model 3 | [0.888888888888889, 0.9777777777777779, 0.9777777777777779, 0.5555555555555556, 1.0, 0.9111111111111111, 0.711111111111111, 0.8, 0.711111111111111, 0.8222222222222222, 0.8444444444444444, 0.7777777777777778, 0.711111111111111, 0.8222222222222222, 0.7333333333333333, 0.8666666666666666, 1.0, 0.8444444444444443, 0.9111111111111111, 0.6222222222222221, 0.9333333333333332] | media 0.8296
  Model 4 | [0.8666666666666666, 0.9111111111111111, 0.9555555555555555, 0.9777777777777779, 0.5777777777777777, 0.888888888888889, 0.9555555555555555, 0.7777777777777777, 0.6444444444444445, 0.6444444444444445, 0.711111111111111, 0.9777777777777779, 0.9333333333333332, 0.8, 0.7999999999999999, 0.9777777777777779, 0.48888888888888893, 0.6888888888888889, 0.8666666666666666, 1.0, 1.0] | media 0.8307
  Model 5 | [0.888888888888889, 0.8222222222222222, 0.8444444444444444, 0.9777777777777779, 0.9333333333333332, 1.0, 0.6888888888888888, 0.9555555555555555, 0.8222222222222222, 0.9111111111111111, 0.888888888888889, 0.8666666666666668, 0.888888888888889, 0.7333333333333333, 0.7365079365079363, 0.9333333333333332, 0.8095238095238095, 0.7714285714285715, 0.9777777777777779] | media 0.8658
Global mean: 0.8489 ± 0.1257
============================================================

============================================================
fine_tune_per_subject | exp_LR_2s-b4
  Model 1 | [0.9555555555555555, 0.8097222222222221, 0.5888888888888889, 0.9111111111111111, 0.9888888888888889, 0.6333333333333334, 0.6777777777777778, 0.9, 0.8777777777777779, 0.8, 1.0, 0.7333333333333334, 1.0, 0.5333333333333333, 0.6555555555555557, 0.6777777777777778, 0.9666666666666668, 0.888888888888889, 0.8444444444444444, 0.8222222222222222, 0.6666666666666666] | media 0.8063
  Model 2 | [0.8333333333333333, 0.9888888888888889, 0.4666666666666666, 0.6777777777777778, 0.8, 0.8222222222222222, 0.9333333333333332, 0.9222222222222222, 0.7444444444444445, 1.0, 1.0, 0.9555555555555555, 0.7888888888888889, 1.0, 0.9777777777777779, 1.0, 0.7333333333333333, 0.9777777777777779, 0.9888888888888889, 1.0, 0.6888888888888889] | media 0.8714
  Model 3 | [0.8666666666666666, 0.9888888888888889, 1.0, 0.48888888888888893, 0.9555555555555555, 0.9777777777777779, 0.6666666666666666, 0.8111111111111111, 0.7444444444444444, 0.6777777777777778, 0.8222222222222222, 0.7333333333333333, 0.711111111111111, 0.7777777777777779, 0.6888888888888889, 0.8222222222222222, 0.9888888888888889, 0.7777777777777778, 0.8333333333333334, 0.6222222222222222, 0.8777777777777777] | media 0.8016
  Model 4 | [0.8444444444444444, 0.9333333333333332, 0.8777777777777777, 0.8888888888888887, 0.5333333333333333, 0.8222222222222222, 0.9777777777777779, 0.5333333333333334, 0.6888888888888889, 0.6888888888888889, 0.7777777777777778, 0.9777777777777779, 0.838095238095238, 0.7444444444444445, 0.6888888888888889, 0.8666666666666666, 0.6222222222222222, 0.5666666666666667, 0.8444444444444444, 1.0, 0.9777777777777779] | media 0.7949
  Model 5 | [0.8666666666666666, 0.7777777777777778, 0.888888888888889, 0.9666666666666666, 0.8777777777777777, 1.0, 0.6666666666666667, 0.9444444444444444, 0.8, 0.9, 0.9444444444444444, 0.9, 0.8333333333333334, 0.8444444444444444, 0.7761904761904762, 0.888888888888889, 0.9238095238095237, 0.8, 0.9888888888888889] | media 0.8731
Global mean: 0.8286 ± 0.1366
============================================================

============================================================
fine_tune_per_subject | exp_LR0_4s-b4
  Model 1 | [0.9222222222222222, 0.7529411764705882, 0.6222222222222221, 0.8555555555555555, 0.96, 0.6666666666666667, 0.5888888888888889, 0.8222222222222222, 0.6888888888888889, 0.8222222222222223, 0.9666666666666668, 0.7666666666666666, 0.9777777777777779, 0.6888888888888889, 0.5111111111111111, 0.7333333333333334, 0.788888888888889, 0.7777777777777778, 0.8, 0.8333333333333333, 0.6] | media 0.7689
  Model 2 | [0.8189542483660132, 0.9, 0.5555555555555556, 0.7555555555555555, 0.7, 0.6222222222222222, 0.8266666666666668, 0.7777777777777779, 0.6666666666666667, 0.9333333333333332, 0.8777777777777779, 0.8666666666666666, 0.7444444444444445, 0.9888888888888889, 0.8333333333333334, 0.8666666666666668, 0.6333333333333333, 0.7555555555555555, 0.9222222222222222, 0.9333333333333332, 0.5222222222222221] | media 0.7858
  Model 3 | [0.7777777777777777, 0.8222222222222222, 0.9333333333333332, 0.6777777777777778, 1.0, 0.9111111111111111, 0.6444444444444445, 0.8555555555555555, 0.8111111111111111, 0.7555555555555555, 0.8, 0.7777777777777778, 0.5555555555555556, 0.7555555555555555, 0.6444444444444444, 0.788888888888889, 0.8333333333333334, 0.7888888888888889, 0.7888888888888889, 0.7444444444444445, 0.8333333333333334] | media 0.7857
  Model 4 | [0.8111111111111111, 0.8111111111111111, 0.8111111111111112, 0.9666666666666668, 0.5444444444444445, 0.8555555555555555, 0.8666666666666666, 0.6777777777777778, 0.5444444444444445, 0.7666666666666666, 0.76, 0.9222222222222222, 0.7222222222222221, 0.7777777777777778, 0.6666666666666666, 1.0, 0.6333333333333334, 0.6222222222222221, 0.7777777777777778, 1.0, 1.0] | media 0.7875
  Model 5 | [0.7555555555555556, 0.8444444444444444, 0.6777777777777778, 0.9777777777777779, 0.8333333333333334, 0.9444444444444443, 0.5666666666666667, 0.8777777777777779, 0.8, 0.7888888888888889, 0.8222222222222223, 0.8222222222222222, 0.8555555555555555, 0.8111111111111111, 0.7722222222222223, 0.9333333333333332, 0.6819444444444444, 0.6833333333333333, 0.8] | media 0.8026
Global mean: 0.7858 ± 0.1196
============================================================

============================================================
fine_tune_per_subject | exp_LR0_2s-b4
  Model 1 | [0.9111111111111111, 0.7879084967320261, 0.5777777777777777, 0.8166666666666667, 0.9644444444444444, 0.65, 0.5777777777777777, 0.8666666666666668, 0.788888888888889, 0.8, 0.9333333333333333, 0.7944444444444445, 0.961111111111111, 0.6944444444444444, 0.5888888888888889, 0.7666666666666666, 0.8833333333333334, 0.7833333333333333, 0.8388888888888889, 0.8777777777777779, 0.5666666666666668] | media 0.7824
  Model 2 | [0.8013071895424837, 0.9333333333333333, 0.5888888888888889, 0.7222222222222223, 0.7, 0.7, 0.7833333333333334, 0.7888888888888889, 0.711111111111111, 0.9277777777777777, 0.9388888888888889, 0.8222222222222222, 0.7055555555555555, 0.9666666666666666, 0.788888888888889, 0.9111111111111111, 0.75, 0.8944444444444445, 0.9444444444444444, 0.8722222222222223, 0.5666666666666667] | media 0.8009
  Model 3 | [0.8222222222222223, 0.9333333333333332, 0.9888888888888889, 0.6833333333333333, 0.95, 0.9055555555555556, 0.7166666666666668, 0.8666666666666666, 0.8166666666666668, 0.7444444444444445, 0.8055555555555556, 0.7388888888888889, 0.7055555555555555, 0.6722222222222223, 0.5666666666666667, 0.85, 0.7777777777777778, 0.8111111111111111, 0.8111111111111111, 0.75, 0.8555555555555555] | media 0.7987
  Model 4 | [0.85, 0.7722222222222223, 0.7666666666666667, 0.9388888888888889, 0.48888888888888893, 0.8055555555555556, 0.8222222222222222, 0.6555555555555556, 0.6277777777777779, 0.6888888888888889, 0.6455555555555554, 0.9277777777777777, 0.6743055555555555, 0.75, 0.6222222222222222, 0.9777777777777779, 0.5833333333333334, 0.55, 0.7944444444444445, 0.9833333333333332, 0.9833333333333334] | media 0.7576
  Model 5 | [0.6833333333333333, 0.7555555555555555, 0.711111111111111, 0.9833333333333332, 0.8111111111111111, 0.9555555555555555, 0.6388888888888888, 0.85, 0.7722222222222223, 0.788888888888889, 0.7888888888888889, 0.8277777777777777, 0.8555555555555555, 0.788888888888889, 0.7333333333333334, 0.8666666666666668, 0.642361111111111, 0.7326388888888888, 0.7555555555555555] | media 0.7864
Global mean: 0.7852 ± 0.1179
============================================================

============================================================
fine_tune_per_subject | exp_LR0F_4s-b4
  Model 1 | [0.8470833333333333, 0.7526785714285714, 0.5797413793103449, 0.7991935483870968, 0.6135706340378198, 0.7530172413793104, 0.7092672413793103, 0.7842672413793104, 0.7560344827586206, 0.7816810344827586, 0.925, 0.8283333333333334, 0.9875, 0.61375, 0.6410714285714285, 0.70875, 0.8678571428571429, 0.786491935483871, 0.8161637931034482, 0.7541666666666667, 0.5536290322580645] | media 0.7552
  Model 2 | [0.7866071428571428, 0.9245833333333333, 0.6163306451612903, 0.6829741379310346, 0.63875, 0.71375, 0.7406451612903225, 0.7083333333333333, 0.6254310344827586, 0.905, 0.9620833333333334, 0.8526785714285714, 0.6675403225806452, 0.99375, 0.7786290322580645, 0.8870833333333333, 0.7767857142857142, 0.9495833333333333, 0.9549568965517242, 0.8780172413793104, 0.5778225806451613] | media 0.7915
  Model 3 | [0.7720833333333333, 0.8929166666666667, 0.9429166666666667, 0.6285714285714286, 0.9179166666666667, 0.9045833333333334, 0.7098214285714286, 0.8291666666666666, 0.7961206896551725, 0.7392857142857142, 0.7779166666666667, 0.7525000000000001, 0.56875, 0.6622844827586206, 0.5691666666666666, 0.8135775862068966, 0.8267857142857142, 0.6908333333333333, 0.7773706896551724, 0.74, 0.7983333333333333] | media 0.7672
  Model 4 | [0.7725, 0.7829741379310345, 0.77125, 0.8967672413793103, 0.5491379310344827, 0.7654166666666666, 0.7681451612903226, 0.7425403225806452, 0.560344827586207, 0.6616071428571428, 0.756840934371524, 0.9058333333333334, 0.701290322580645, 0.6575, 0.6441666666666667, 0.9112068965517242, 0.5910714285714286, 0.6517241379310346, 0.7241071428571428, 0.8866935483870968, 0.9868534482758621] | media 0.7470
  Model 5 | [0.7776785714285714, 0.7785714285714286, 0.7303879310344827, 0.9362068965517242, 0.7544642857142858, 0.8919642857142858, 0.62625, 0.8741935483870968, 0.7408333333333333, 0.8412499999999999, 0.7935344827586206, 0.7794354838709678, 0.8405172413793103, 0.7017857142857142, 0.7793548387096774, 0.8605603448275861, 0.6890322580645162, 0.6098924731182795, 0.7741666666666667] | media 0.7779
Global mean: 0.7676 ± 0.1105
============================================================

============================================================
fine_tune_per_subject | exp_LR0F_2s-b4
  Model 1 | [0.869375, 0.7508928571428571, 0.6351293103448276, 0.7611895161290322, 0.8859844271412681, 0.7498922413793103, 0.6667025862068965, 0.7823275862068966, 0.8026939655172413, 0.7397629310344828, 0.8836693548387096, 0.7933333333333333, 0.9458333333333334, 0.6772916666666667, 0.6535714285714286, 0.759375, 0.8821428571428571, 0.745866935483871, 0.8605603448275861, 0.7954166666666667, 0.635483870967742] | media 0.7751
  Model 2 | [0.8433035714285714, 0.93625, 0.6165322580645161, 0.7035560344827586, 0.6637500000000001, 0.753125, 0.8093548387096774, 0.775, 0.7074353448275862, 0.9589583333333334, 0.9175000000000001, 0.8642857142857142, 0.7074596774193548, 0.9875, 0.7919354838709678, 0.9654166666666667, 0.7709821428571428, 0.8985416666666666, 0.9480603448275862, 0.8914870689655172, 0.5278225806451613] | media 0.8113
  Model 3 | [0.8143750000000001, 0.9433333333333334, 0.9679166666666668, 0.6683035714285714, 0.9491666666666667, 0.9270833333333334, 0.6763392857142858, 0.7952083333333333, 0.7836206896551724, 0.7776785714285714, 0.749375, 0.7366666666666667, 0.6875, 0.6410560344827586, 0.56375, 0.8264008620689655, 0.7616071428571429, 0.6647916666666667, 0.7626077586206896, 0.7314583333333333, 0.7783333333333333] | media 0.7717
  Model 4 | [0.8204166666666666, 0.7645474137931034, 0.82125, 0.955280172413793, 0.5581896551724138, 0.785625, 0.8025201612903226, 0.7014112903225806, 0.5803879310344827, 0.7258928571428571, 0.7095661846496106, 0.940625, 0.7040860215053765, 0.70875, 0.6691666666666667, 0.9746767241379309, 0.6875, 0.6094827586206897, 0.7620535714285714, 1.0, 0.9903017241379309] | media 0.7748
  Model 5 | [0.7705357142857142, 0.7441964285714285, 0.6650862068965517, 0.978125, 0.809375, 0.9839285714285714, 0.6066666666666667, 0.8399193548387096, 0.7497916666666666, 0.8183333333333334, 0.8398706896551724, 0.8201612903225806, 0.8201508620689655, 0.7535714285714286, 0.7438709677419354, 0.8858836206896552, 0.6986021505376344, 0.7113978494623655, 0.7725] | media 0.7901
Global mean: 0.7845 ± 0.1103
============================================================
